4.9951e+00 -4.1504e-01 
4.9951e+00 -2.4414e-01 
4.9951e+00 -4.6387e-02 
4.9951e+00 1.5625e-01 
4.9951e+00 3.3447e-01 
4.9951e+00 4.8096e-01 
4.9951e+00 5.8105e-01 
4.9951e+00 6.2256e-01 
4.9951e+00 6.0303e-01 
4.9951e+00 5.2002e-01 
4.9951e+00 3.8818e-01 
4.9951e+00 2.1973e-01 
4.9951e+00 2.4414e-02 
4.9951e+00 -1.7334e-01 
4.9951e+00 -3.5400e-01 
4.9951e+00 -5.0537e-01 
4.9951e+00 -6.0791e-01 
4.9951e+00 -6.5186e-01 
4.9951e+00 -6.2988e-01 
4.9951e+00 -5.5176e-01 
4.9951e+00 -4.1504e-01 
4.9951e+00 -2.4170e-01 
4.9951e+00 -4.6387e-02 
4.9951e+00 1.5381e-01 
4.9951e+00 3.3203e-01 
4.9951e+00 4.8340e-01 
4.9951e+00 5.8105e-01 
4.9951e+00 6.2500e-01 
4.9951e+00 6.0547e-01 
4.9951e+00 5.2246e-01 
4.9951e+00 3.9062e-01 
4.9951e+00 2.1973e-01 
4.9951e+00 2.4414e-02 
4.9951e+00 -1.7334e-01 
4.9951e+00 -3.5645e-01 
4.9951e+00 -5.0293e-01 
4.9951e+00 -6.0303e-01 
4.9951e+00 -6.5186e-01 
4.9951e+00 -6.2988e-01 
4.9951e+00 -5.4932e-01 
4.9951e+00 -4.1504e-01 
4.9951e+00 -2.4414e-01 
4.9951e+00 -4.8828e-02 
4.9951e+00 1.5137e-01 
4.9951e+00 3.3447e-01 
4.9951e+00 4.8096e-01 
4.9951e+00 5.8105e-01 
4.9951e+00 6.2500e-01 
4.9951e+00 6.0547e-01 
4.9951e+00 5.2246e-01 
4.9951e+00 3.8818e-01 
4.9951e+00 2.1973e-01 
4.9951e+00 2.4414e-02 
4.9951e+00 -1.7090e-01 
4.9951e+00 -3.5156e-01 
4.9951e+00 -5.0293e-01 
4.9951e+00 -6.0547e-01 
4.9951e+00 -6.4697e-01 
4.9951e+00 -6.2744e-01 
4.9951e+00 -5.4932e-01 
4.9951e+00 -4.1504e-01 
4.9951e+00 -2.4414e-01 
4.9951e+00 -4.6387e-02 
4.9951e+00 1.5137e-01 
4.9951e+00 3.3447e-01 
4.9951e+00 4.8096e-01 
4.9951e+00 5.8350e-01 
4.9951e+00 6.2256e-01 
4.9951e+00 6.0547e-01 
4.9951e+00 5.2246e-01 
4.9951e+00 3.9062e-01 
4.9951e+00 2.1729e-01 
4.9951e+00 2.4414e-02 
4.9951e+00 -1.7090e-01 
4.9951e+00 -3.5645e-01 
4.9951e+00 -5.0293e-01 
4.9951e+00 -6.0547e-01 
4.9951e+00 -6.4941e-01 
4.9951e+00 -6.2988e-01 
4.9951e+00 -5.5176e-01 
4.9951e+00 -4.1992e-01 
4.9951e+00 -2.4414e-01 
4.9951e+00 -4.6387e-02 
4.9951e+00 1.5137e-01 
4.9951e+00 3.3447e-01 
4.9951e+00 4.8340e-01 
4.9951e+00 5.8350e-01 
4.9951e+00 6.2256e-01 
4.9951e+00 6.0303e-01 
4.9951e+00 5.2490e-01 
4.9951e+00 3.9307e-01 
4.9951e+00 2.1973e-01 
4.9951e+00 2.6855e-02 
4.9951e+00 -1.7090e-01 
4.9951e+00 -3.5645e-01 
4.9951e+00 -5.0537e-01 
4.9951e+00 -6.0547e-01 
4.9951e+00 -6.5186e-01 
4.9951e+00 -6.2988e-01 
4.9951e+00 -5.5176e-01 
4.9951e+00 -4.1748e-01 
4.9951e+00 -2.4414e-01 
4.9951e+00 -4.8828e-02 
4.9951e+00 1.5381e-01 
4.9951e+00 3.3447e-01 
4.9951e+00 4.8096e-01 
4.9951e+00 5.8105e-01 
4.9951e+00 6.2256e-01 
4.9951e+00 6.0547e-01 
4.9951e+00 5.2246e-01 
4.9951e+00 3.9307e-01 
4.9951e+00 2.2217e-01 
4.9951e+00 2.4414e-02 
4.9951e+00 -1.7090e-01 
4.9951e+00 -3.5400e-01 
4.9951e+00 -5.0293e-01 
4.9951e+00 -6.0547e-01 
4.9951e+00 -6.4941e-01 
4.9951e+00 -6.2988e-01 
4.9951e+00 -5.5176e-01 
4.9951e+00 -4.1992e-01 
4.9951e+00 -2.4414e-01 
4.9951e+00 -4.8828e-02 
4.9951e+00 1.5381e-01 
4.9951e+00 3.3691e-01 
4.9951e+00 4.7852e-01 
4.9951e+00 5.8105e-01 
4.9951e+00 6.2500e-01 
4.9951e+00 6.0547e-01 
4.9951e+00 5.2490e-01 
4.9951e+00 3.9062e-01 
4.9951e+00 2.1973e-01 
4.9951e+00 2.6855e-02 
4.9951e+00 -1.7090e-01 
4.9951e+00 -3.5400e-01 
4.9951e+00 -5.0537e-01 
4.9951e+00 -6.0547e-01 
4.9951e+00 -6.5186e-01 
4.9951e+00 -6.2744e-01 
4.9951e+00 -5.5420e-01 
4.9951e+00 -4.1504e-01 
4.9951e+00 -2.4658e-01 
4.9951e+00 -5.1270e-02 
4.9951e+00 1.5137e-01 
4.9951e+00 3.3447e-01 
4.9951e+00 4.8096e-01 
4.9951e+00 5.8105e-01 
4.9951e+00 6.2500e-01 
4.9951e+00 6.0547e-01 
4.9951e+00 5.2246e-01 
4.9951e+00 3.9307e-01 
4.9951e+00 2.1973e-01 
4.9951e+00 2.4414e-02 
4.9951e+00 -1.7334e-01 
4.9951e+00 -3.5645e-01 
4.9951e+00 -5.0537e-01 
4.9951e+00 -6.0547e-01 
4.9951e+00 -6.4941e-01 
4.9951e+00 -6.2988e-01 
4.9951e+00 -5.5420e-01 
4.9951e+00 -4.1748e-01 
4.9951e+00 -2.4414e-01 
4.9951e+00 -4.8828e-02 
4.9951e+00 1.5137e-01 
4.9951e+00 3.3447e-01 
4.9951e+00 4.8096e-01 
4.9951e+00 5.8105e-01 
4.9951e+00 6.2256e-01 
4.9951e+00 6.0303e-01 
4.9951e+00 5.2490e-01 
4.9951e+00 3.9062e-01 
4.9951e+00 2.1973e-01 
4.9951e+00 2.6855e-02 
4.9951e+00 -1.6846e-01 
4.9951e+00 -3.5400e-01 
4.9951e+00 -5.0293e-01 
4.9951e+00 -6.0791e-01 
4.9951e+00 -6.5186e-01 
4.9951e+00 -6.2988e-01 
4.9951e+00 -5.5176e-01 
4.9951e+00 -4.1748e-01 
4.9951e+00 -2.4414e-01 
4.9951e+00 -4.8828e-02 
4.9951e+00 1.4893e-01 
4.9951e+00 3.3447e-01 
4.9951e+00 4.8096e-01 
4.9951e+00 5.8105e-01 
4.9951e+00 6.2256e-01 
4.9951e+00 6.0303e-01 
4.9951e+00 5.2490e-01 
4.9951e+00 3.9307e-01 
4.9951e+00 2.1973e-01 
4.9951e+00 2.6855e-02 
4.9951e+00 -1.7334e-01 
4.9951e+00 -3.5156e-01 
4.9951e+00 -5.0293e-01 
4.9951e+00 -6.0547e-01 
4.9951e+00 -6.4941e-01 
4.9951e+00 -6.3232e-01 
4.9951e+00 -5.4932e-01 
4.9951e+00 -4.1748e-01 
4.9951e+00 -2.4658e-01 
4.9951e+00 -5.1270e-02 
4.9951e+00 1.4893e-01 
4.9951e+00 3.3203e-01 
4.9951e+00 4.7852e-01 
4.9951e+00 5.8105e-01 
4.9951e+00 6.2256e-01 
4.9951e+00 6.0547e-01 
4.9951e+00 5.2490e-01 
4.9951e+00 3.9307e-01 
4.9951e+00 2.2217e-01 
4.9951e+00 2.4414e-02 
4.9951e+00 -1.6846e-01 
4.9951e+00 -3.5400e-01 
4.9951e+00 -5.0293e-01 
4.9951e+00 -6.0547e-01 
4.9951e+00 -6.5186e-01 
4.9951e+00 -6.2988e-01 
4.9951e+00 -5.5420e-01 
4.9951e+00 -4.1748e-01 
4.9951e+00 -2.4658e-01 
4.9951e+00 -4.8828e-02 
4.9951e+00 1.4893e-01 
4.9951e+00 3.3447e-01 
4.9951e+00 4.7852e-01 
4.9951e+00 5.7861e-01 
4.9951e+00 6.2256e-01 
4.9951e+00 6.0547e-01 
4.9951e+00 5.2490e-01 
4.9951e+00 3.9307e-01 
4.9951e+00 2.1973e-01 
4.9951e+00 2.9297e-02 
4.9951e+00 -1.7090e-01 
4.9951e+00 -3.5400e-01 
4.9951e+00 -5.0293e-01 
4.9951e+00 -6.0547e-01 
4.9951e+00 -6.5186e-01 
4.9951e+00 -6.3232e-01 
4.9951e+00 -5.5176e-01 
4.9951e+00 -4.2236e-01 
4.9951e+00 -2.4658e-01 
4.9951e+00 -5.1270e-02 
4.9951e+00 1.4893e-01 
4.9951e+00 3.3447e-01 
4.9951e+00 4.8096e-01 
4.9951e+00 5.8105e-01 
4.9951e+00 6.2500e-01 
4.9951e+00 6.0547e-01 
4.9951e+00 5.2734e-01 
4.9951e+00 3.9307e-01 
4.9951e+00 2.2461e-01 
4.9951e+00 2.9297e-02 
4.9951e+00 -1.6846e-01 
4.9951e+00 -3.5156e-01 
4.9951e+00 -5.0537e-01 
4.9951e+00 -6.0547e-01 
4.9951e+00 -6.5186e-01 
4.9951e+00 -6.2988e-01 
4.9951e+00 -5.5420e-01 
4.9951e+00 -4.1748e-01 
4.9951e+00 -2.4658e-01 
4.9951e+00 -5.1270e-02 
4.9951e+00 1.4648e-01 
4.9951e+00 3.3203e-01 
4.9951e+00 4.7852e-01 
4.9951e+00 5.8105e-01 
4.9951e+00 6.2256e-01 
4.9951e+00 6.0547e-01 
4.9951e+00 5.2490e-01 
4.9951e+00 3.9551e-01 
4.9951e+00 2.2217e-01 
4.9951e+00 2.6855e-02 
4.9951e+00 -1.6846e-01 
4.9951e+00 -3.5400e-01 
4.9951e+00 -5.0049e-01 
4.9951e+00 -6.0547e-01 
4.9951e+00 -6.5186e-01 
4.9951e+00 -6.3232e-01 
4.9951e+00 -5.5420e-01 
4.9951e+00 -4.1748e-01 
4.9951e+00 -2.4658e-01 
4.9951e+00 -4.8828e-02 
4.9951e+00 1.4648e-01 
4.9951e+00 3.2959e-01 
4.9951e+00 4.7852e-01 
4.9951e+00 5.8105e-01 
4.9951e+00 6.2256e-01 
4.9951e+00 6.0547e-01 
4.9951e+00 5.2734e-01 
4.9951e+00 3.9551e-01 
4.9951e+00 2.2217e-01 
4.9951e+00 2.9297e-02 
4.9951e+00 -1.6846e-01 
4.9951e+00 -3.5156e-01 
4.9951e+00 -5.0537e-01 
4.9951e+00 -6.0303e-01 
4.9951e+00 -6.5186e-01 
4.9951e+00 -6.3232e-01 
4.9951e+00 -5.5420e-01 
4.9951e+00 -4.1748e-01 
4.9951e+00 -2.4658e-01 
4.9951e+00 -5.1270e-02 
4.9951e+00 1.4893e-01 
4.9951e+00 3.3203e-01 
4.9951e+00 4.8096e-01 
4.9951e+00 5.8105e-01 
4.9951e+00 6.2256e-01 
4.9951e+00 6.0547e-01 
4.9951e+00 5.2734e-01 
4.9951e+00 3.9307e-01 
4.9951e+00 2.2217e-01 
4.9951e+00 2.6855e-02 
4.9951e+00 -1.6846e-01 
4.9951e+00 -3.5400e-01 
4.9951e+00 -5.0049e-01 
4.9951e+00 -6.0303e-01 
4.9951e+00 -6.4941e-01 
4.9951e+00 -6.3232e-01 
4.9951e+00 -5.5420e-01 
4.9951e+00 -4.1992e-01 
4.9951e+00 -2.4902e-01 
4.9951e+00 -5.3711e-02 
4.9951e+00 1.4893e-01 
4.9951e+00 3.2959e-01 
4.9951e+00 4.8096e-01 
4.9951e+00 5.8105e-01 
4.9951e+00 6.2256e-01 
4.9951e+00 6.0547e-01 
4.9951e+00 5.2490e-01 
4.9951e+00 3.9307e-01 
4.9951e+00 2.2461e-01 
4.9951e+00 2.9297e-02 
4.9951e+00 -1.6846e-01 
4.9951e+00 -3.4912e-01 
4.9951e+00 -5.0293e-01 
4.9951e+00 -6.0303e-01 
4.9951e+00 -6.5186e-01 
4.9951e+00 -6.3232e-01 
4.9951e+00 -5.5420e-01 
4.9951e+00 -4.2236e-01 
4.9951e+00 -2.4658e-01 
4.9951e+00 -5.1270e-02 
4.9951e+00 1.4893e-01 
4.9951e+00 3.2959e-01 
4.9951e+00 4.7852e-01 
4.9951e+00 5.8105e-01 
4.9951e+00 6.2500e-01 
4.9951e+00 6.0547e-01 
4.9951e+00 5.2246e-01 
4.9951e+00 3.9551e-01 
4.9951e+00 2.2461e-01 
4.9951e+00 2.9297e-02 
4.9951e+00 -1.6846e-01 
4.9951e+00 -3.5156e-01 
4.9951e+00 -5.0049e-01 
4.9951e+00 -6.0547e-01 
4.9951e+00 -6.4941e-01 
4.9951e+00 -6.3232e-01 
4.9951e+00 -5.5176e-01 
4.9951e+00 -4.1992e-01 
4.9951e+00 -2.4902e-01 
4.9951e+00 -5.1270e-02 
4.9951e+00 1.4648e-01 
4.9951e+00 3.3203e-01 
4.9951e+00 4.7852e-01 
4.9951e+00 5.7861e-01 
4.9951e+00 6.2500e-01 
4.9951e+00 6.0547e-01 
4.9951e+00 5.2490e-01 
4.9951e+00 3.9551e-01 
4.9951e+00 2.2461e-01 
4.9951e+00 3.4180e-02 
4.9951e+00 -1.6602e-01 
4.9951e+00 -3.4912e-01 
4.9951e+00 -5.0049e-01 
4.9951e+00 -6.0303e-01 
4.9951e+00 -6.4941e-01 
4.9951e+00 -6.3232e-01 
4.9951e+00 -5.5176e-01 
4.9951e+00 -4.1992e-01 
4.9951e+00 -2.4902e-01 
4.9951e+00 -5.3711e-02 
4.9951e+00 1.4648e-01 
4.9951e+00 3.2959e-01 
4.9951e+00 4.8096e-01 
4.9951e+00 5.7861e-01 
4.9951e+00 6.2256e-01 
4.9951e+00 6.0547e-01 
4.9951e+00 5.2734e-01 
4.9951e+00 3.9551e-01 
4.9951e+00 2.2461e-01 
4.9951e+00 2.9297e-02 
4.9951e+00 -1.6846e-01 
4.9951e+00 -3.4912e-01 
4.9951e+00 -5.0293e-01 
4.9951e+00 -6.0547e-01 
4.9951e+00 -6.4941e-01 
4.9951e+00 -6.3232e-01 
4.9951e+00 -5.5176e-01 
4.9951e+00 -4.2236e-01 
4.9951e+00 -2.5146e-01 
4.9951e+00 -5.1270e-02 
4.9951e+00 1.4648e-01 
4.9951e+00 3.2959e-01 
4.9951e+00 4.7852e-01 
4.9951e+00 5.8105e-01 
4.9951e+00 6.2256e-01 
4.9951e+00 6.0547e-01 
4.9951e+00 5.2734e-01 
4.9951e+00 3.9551e-01 
4.9951e+00 2.2461e-01 
4.9951e+00 3.1738e-02 
4.9951e+00 -1.6602e-01 
4.9951e+00 -3.4668e-01 
4.9951e+00 -5.0049e-01 
4.9951e+00 -6.0303e-01 
4.9951e+00 -6.5186e-01 
4.9951e+00 -6.3232e-01 
4.9951e+00 -5.5420e-01 
4.9951e+00 -4.2236e-01 
4.9951e+00 -2.4902e-01 
4.9951e+00 -5.3711e-02 
4.9951e+00 1.4648e-01 
4.9951e+00 3.2959e-01 
4.9951e+00 4.7852e-01 
4.9951e+00 5.7861e-01 
4.9951e+00 6.2256e-01 
4.9951e+00 6.0303e-01 
4.9951e+00 5.2734e-01 
4.9951e+00 3.9551e-01 
4.9951e+00 2.2461e-01 
4.9951e+00 3.1738e-02 
4.9951e+00 -1.6846e-01 
4.9951e+00 -3.4912e-01 
4.9951e+00 -5.0049e-01 
4.9951e+00 -6.0547e-01 
4.9951e+00 -6.4941e-01 
4.9951e+00 -6.3232e-01 
4.9951e+00 -5.5664e-01 
4.9951e+00 -4.2236e-01 
4.9951e+00 -2.4902e-01 
4.9951e+00 -5.3711e-02 
4.9951e+00 1.4648e-01 
4.9951e+00 3.2959e-01 
4.9951e+00 4.7607e-01 
4.9951e+00 5.7861e-01 
4.9951e+00 6.2256e-01 
4.9951e+00 6.0547e-01 
4.9951e+00 5.2734e-01 
4.9951e+00 3.9551e-01 
4.9951e+00 2.2461e-01 
4.9951e+00 2.9297e-02 
4.9951e+00 -1.6357e-01 
4.9951e+00 -3.4912e-01 
4.9951e+00 -5.0049e-01 
4.9951e+00 -6.0547e-01 
4.9951e+00 -6.5186e-01 
4.9951e+00 -6.3232e-01 
4.9951e+00 -5.5420e-01 
4.9951e+00 -4.1992e-01 
4.9951e+00 -2.4902e-01 
4.9951e+00 -5.6152e-02 
4.9951e+00 1.4404e-01 
4.9951e+00 3.2959e-01 
4.9951e+00 4.7852e-01 
4.9951e+00 5.7861e-01 
4.9951e+00 6.2500e-01 
4.9951e+00 6.0547e-01 
4.9951e+00 5.2734e-01 
4.9951e+00 3.9795e-01 
4.9951e+00 2.2705e-01 
4.9951e+00 3.4180e-02 
4.9951e+00 -1.6602e-01 
4.9951e+00 -3.5156e-01 
4.9951e+00 -4.9805e-01 
4.9951e+00 -6.0303e-01 
4.9951e+00 -6.4697e-01 
4.9951e+00 -6.3232e-01 
4.9951e+00 -5.5420e-01 
4.9951e+00 -4.2236e-01 
4.9951e+00 -2.5146e-01 
4.9951e+00 -5.3711e-02 
4.9951e+00 1.4404e-01 
4.9951e+00 3.2715e-01 
4.9951e+00 4.7852e-01 
4.9951e+00 5.7617e-01 
4.9951e+00 6.2256e-01 
4.9951e+00 6.0547e-01 
4.9951e+00 5.2490e-01 
4.9951e+00 3.9795e-01 
4.9951e+00 2.2705e-01 
4.9951e+00 3.1738e-02 
4.9951e+00 -1.6602e-01 
4.9951e+00 -3.4668e-01 
4.9951e+00 -5.0049e-01 
4.9951e+00 -6.0059e-01 
4.9951e+00 -6.4941e-01 
4.9951e+00 -6.3232e-01 
4.9951e+00 -5.5664e-01 
4.9951e+00 -4.1992e-01 
4.9951e+00 -2.5146e-01 
4.9951e+00 -5.3711e-02 
4.9951e+00 1.4404e-01 
4.9951e+00 3.2715e-01 
4.9951e+00 4.7607e-01 
4.9951e+00 5.7861e-01 
4.9951e+00 6.2256e-01 
4.9951e+00 6.0303e-01 
4.9951e+00 5.2979e-01 
4.9951e+00 3.9551e-01 
4.9951e+00 2.2461e-01 
