-2.4414e-01 
1.4648e-01 
4.7852e-01 
6.2744e-01 
5.3223e-01 
2.2949e-01 
-1.6113e-01 
-4.9561e-01 
-6.4697e-01 
-5.5664e-01 
-2.4658e-01 
1.4648e-01 
4.8096e-01 
6.2744e-01 
5.3223e-01 
2.3438e-01 
-1.6113e-01 
-4.9805e-01 
-6.4941e-01 
-5.5664e-01 
-2.4658e-01 
1.4648e-01 
4.7852e-01 
6.2744e-01 
5.3223e-01 
2.3193e-01 
-1.6113e-01 
-4.9561e-01 
-6.4697e-01 
-5.5420e-01 
-2.4414e-01 
1.4404e-01 
4.7852e-01 
6.2744e-01 
5.3467e-01 
2.3438e-01 
-1.5869e-01 
-4.9561e-01 
-6.5186e-01 
-5.5420e-01 
-2.4658e-01 
1.4404e-01 
4.7852e-01 
6.2500e-01 
5.3223e-01 
2.3193e-01 
-1.6113e-01 
-4.9805e-01 
-6.4941e-01 
-5.5176e-01 
-2.4658e-01 
1.4404e-01 
4.8096e-01 
6.2500e-01 
5.3467e-01 
2.3193e-01 
-1.6113e-01 
-4.9805e-01 
-6.4941e-01 
-5.5664e-01 
-2.4414e-01 
1.4404e-01 
4.7852e-01 
6.2744e-01 
5.3223e-01 
2.3193e-01 
-1.6113e-01 
-4.9561e-01 
-6.4697e-01 
-5.5420e-01 
-2.4902e-01 
1.4648e-01 
4.7852e-01 
6.2744e-01 
5.3467e-01 
2.3193e-01 
-1.6113e-01 
-4.9805e-01 
-6.4941e-01 
-5.5420e-01 
-2.4658e-01 
1.4648e-01 
4.7852e-01 
6.2500e-01 
5.2979e-01 
2.3193e-01 
-1.5869e-01 
-4.9561e-01 
-6.4697e-01 
-5.5176e-01 
-2.4658e-01 
1.4404e-01 
4.8096e-01 
6.2744e-01 
5.3223e-01 
2.3193e-01 
-1.5869e-01 
-4.9561e-01 
-6.4941e-01 
-5.5664e-01 
-2.4658e-01 
1.4404e-01 
4.7607e-01 
6.2744e-01 
5.3467e-01 
2.3193e-01 
-1.6113e-01 
-4.9561e-01 
-6.4697e-01 
-5.5420e-01 
-2.4658e-01 
1.4648e-01 
4.8096e-01 
6.2500e-01 
5.3223e-01 
2.3438e-01 
-1.6113e-01 
-4.9805e-01 
-6.4941e-01 
-5.5420e-01 
-2.4902e-01 
1.4648e-01 
4.7852e-01 
6.2744e-01 
5.3467e-01 
2.3438e-01 
-1.6113e-01 
-4.9561e-01 
-6.4941e-01 
-5.5420e-01 
-2.4658e-01 
1.4648e-01 
4.7852e-01 
6.2744e-01 
5.3467e-01 
2.3193e-01 
-1.5869e-01 
-4.9561e-01 
-6.4941e-01 
-5.5420e-01 
-2.4658e-01 
1.4648e-01 
4.7852e-01 
6.2744e-01 
5.3467e-01 
2.2949e-01 
-1.6113e-01 
-4.9805e-01 
-6.4697e-01 
-5.5176e-01 
-2.4658e-01 
1.4404e-01 
4.7852e-01 
6.2744e-01 
5.3467e-01 
2.3193e-01 
-1.5869e-01 
-4.9805e-01 
-6.4941e-01 
-5.5664e-01 
-2.4658e-01 
1.4404e-01 
4.7607e-01 
6.2988e-01 
5.3223e-01 
2.3193e-01 
-1.6113e-01 
-5.0049e-01 
-6.4697e-01 
-5.5664e-01 
-2.4658e-01 
1.4404e-01 
4.7852e-01 
6.2744e-01 
5.3467e-01 
2.3193e-01 
-1.5869e-01 
-4.9561e-01 
-6.4697e-01 
-5.5420e-01 
-2.4658e-01 
1.4404e-01 
4.8096e-01 
6.2744e-01 
5.3223e-01 
2.3193e-01 
-1.6113e-01 
-4.9561e-01 
-6.4697e-01 
-5.5664e-01 
-2.4902e-01 
1.4648e-01 
4.7607e-01 
6.2988e-01 
5.3467e-01 
2.3438e-01 
-1.5869e-01 
-4.9316e-01 
-6.4941e-01 
-5.5420e-01 
-2.4414e-01 
1.4404e-01 
4.8096e-01 
6.2744e-01 
5.3711e-01 
2.3193e-01 
-1.6113e-01 
-4.9561e-01 
-6.4697e-01 
-5.5420e-01 
-2.4658e-01 
1.4404e-01 
4.7852e-01 
6.2744e-01 
5.3467e-01 
2.3193e-01 
-1.6113e-01 
-4.9561e-01 
-6.4941e-01 
-5.5420e-01 
-2.4902e-01 
1.4648e-01 
4.7852e-01 
6.2744e-01 
5.3223e-01 
2.3438e-01 
-1.5869e-01 
-4.9805e-01 
-6.4697e-01 
-5.5420e-01 
-2.4902e-01 
1.4404e-01 
4.7607e-01 
6.2500e-01 
5.3467e-01 
2.3193e-01 
-1.6113e-01 
-4.9561e-01 
-6.4941e-01 
-5.5664e-01 
-2.4658e-01 
1.4404e-01 
4.7852e-01 
6.2744e-01 
5.3467e-01 
2.3193e-01 
-1.6113e-01 
-4.9805e-01 
-6.4941e-01 
-5.5420e-01 
-2.4902e-01 
1.4648e-01 
4.7852e-01 
6.2744e-01 
5.3223e-01 
2.3193e-01 
-1.5869e-01 
-4.9316e-01 
-6.4941e-01 
-5.5420e-01 
-2.4902e-01 
1.4404e-01 
4.7852e-01 
6.2744e-01 
5.3467e-01 
2.3193e-01 
-1.6113e-01 
-4.9561e-01 
-6.4941e-01 
-5.5420e-01 
-2.4658e-01 
1.4404e-01 
4.8096e-01 
6.2744e-01 
5.3467e-01 
2.3438e-01 
-1.5869e-01 
-4.9316e-01 
-6.4941e-01 
-5.5664e-01 
-2.4658e-01 
1.4404e-01 
4.7852e-01 
6.2988e-01 
5.3467e-01 
2.3193e-01 
-1.5869e-01 
-4.9805e-01 
-6.4697e-01 
-5.5420e-01 
-2.4658e-01 
1.4404e-01 
4.7607e-01 
6.2744e-01 
5.3467e-01 
2.3438e-01 
-1.5869e-01 
-4.9561e-01 
-6.4697e-01 
-5.5176e-01 
-2.4902e-01 
1.4404e-01 
4.7852e-01 
6.2744e-01 
5.3467e-01 
2.3438e-01 
-1.6113e-01 
-4.9561e-01 
-6.4941e-01 
-5.5420e-01 
-2.4902e-01 
1.4160e-01 
4.7607e-01 
6.2500e-01 
5.3223e-01 
2.3193e-01 
-1.5869e-01 
-4.9561e-01 
-6.4941e-01 
-5.5664e-01 
-2.4902e-01 
1.4404e-01 
4.7852e-01 
6.2500e-01 
5.3467e-01 
2.3438e-01 
-1.6113e-01 
-4.9805e-01 
-6.4453e-01 
-5.5420e-01 
-2.4902e-01 
1.4404e-01 
4.8096e-01 
6.2988e-01 
5.3467e-01 
2.3438e-01 
-1.5869e-01 
-4.9561e-01 
-6.4697e-01 
-5.5420e-01 
-2.4658e-01 
1.4648e-01 
4.7852e-01 
6.2744e-01 
5.3467e-01 
2.3193e-01 
-1.5869e-01 
-4.9316e-01 
-6.4453e-01 
-5.5420e-01 
-2.4658e-01 
1.4404e-01 
4.7852e-01 
6.2744e-01 
5.3467e-01 
2.3438e-01 
-1.5625e-01 
-4.9561e-01 
-6.4697e-01 
-5.5420e-01 
-2.4902e-01 
1.4404e-01 
4.7607e-01 
6.2744e-01 
5.3467e-01 
2.3193e-01 
-1.6113e-01 
-4.9561e-01 
-6.4453e-01 
-5.5664e-01 
-2.4658e-01 
1.4404e-01 
4.7852e-01 
6.2744e-01 
5.3467e-01 
2.3438e-01 
-1.6113e-01 
-4.9561e-01 
-6.4941e-01 
-5.5664e-01 
-2.4658e-01 
1.4404e-01 
4.7852e-01 
6.2744e-01 
5.3467e-01 
2.3193e-01 
-1.5625e-01 
-4.9805e-01 
-6.4697e-01 
-5.5420e-01 
-2.4658e-01 
1.4404e-01 
4.7852e-01 
6.2744e-01 
5.3223e-01 
2.3193e-01 
-1.5869e-01 
-4.9561e-01 
-6.4697e-01 
-5.5664e-01 
-2.4658e-01 
1.4648e-01 
4.7852e-01 
6.2744e-01 
5.3467e-01 
2.3438e-01 
-1.5869e-01 
-4.9561e-01 
-6.4697e-01 
-5.5420e-01 
-2.4658e-01 
1.4404e-01 
4.7852e-01 
6.2744e-01 
5.3467e-01 
2.3438e-01 
-1.5869e-01 
-4.9561e-01 
-6.4697e-01 
-5.5420e-01 
-2.4658e-01 
1.4404e-01 
4.7852e-01 
6.2744e-01 
5.3467e-01 
2.3438e-01 
-1.5869e-01 
-4.9561e-01 
-6.4697e-01 
-5.5664e-01 
-2.4658e-01 
1.4404e-01 
4.7852e-01 
6.2744e-01 
5.3223e-01 
2.3438e-01 
-1.5869e-01 
-4.9561e-01 
-6.4941e-01 
-5.5420e-01 
-2.4658e-01 
1.4404e-01 
4.7607e-01 
6.2744e-01 
5.3223e-01 
2.3193e-01 
-1.6113e-01 
-4.9805e-01 
-6.4697e-01 
-5.5420e-01 
-2.4902e-01 
1.4404e-01 
4.7607e-01 
6.2500e-01 
5.3467e-01 
2.3438e-01 
-1.5869e-01 
-4.9561e-01 
-6.5186e-01 
-5.5664e-01 
-2.4902e-01 
1.4404e-01 
4.7607e-01 
6.2744e-01 
5.3223e-01 
2.3193e-01 
-1.6113e-01 
-4.9561e-01 
-6.4697e-01 
-5.5420e-01 
-2.4902e-01 
1.4404e-01 
4.7852e-01 
6.2744e-01 
5.3467e-01 
2.3682e-01 
-1.6113e-01 
-4.9561e-01 
-6.4941e-01 
-5.5420e-01 
-2.4658e-01 
1.4404e-01 
4.8096e-01 
6.2744e-01 
5.3467e-01 
2.3438e-01 
-1.5869e-01 
-4.9805e-01 
-6.4697e-01 
-5.5420e-01 
-2.4658e-01 
1.4404e-01 
4.7852e-01 
6.2500e-01 
5.3467e-01 
2.3438e-01 
-1.5869e-01 
-4.9561e-01 
-6.4941e-01 
-5.5420e-01 
-2.4658e-01 
1.4404e-01 
4.7607e-01 
6.2744e-01 
5.3467e-01 
2.3438e-01 
-1.5869e-01 
-4.9316e-01 
-6.4697e-01 
-5.5420e-01 
-2.4414e-01 
1.4648e-01 
4.7852e-01 
6.2500e-01 
5.3223e-01 
2.3438e-01 
-1.5869e-01 
-4.9805e-01 
-6.4697e-01 
-5.5420e-01 
-2.4658e-01 
1.4648e-01 
4.7852e-01 
6.2744e-01 
5.3467e-01 
2.3193e-01 
-1.5869e-01 
-4.9561e-01 
-6.4453e-01 
-5.5420e-01 
-2.4902e-01 
1.4404e-01 
4.7852e-01 
6.2500e-01 
5.3467e-01 
2.3193e-01 
-1.5869e-01 
-4.9561e-01 
-6.4941e-01 
-5.5664e-01 
-2.4902e-01 
1.4404e-01 
4.7607e-01 
6.2744e-01 
5.3223e-01 
2.3193e-01 
-1.6113e-01 
-4.9561e-01 
-6.4697e-01 
-5.5664e-01 
-2.4902e-01 
1.4404e-01 
4.7852e-01 
6.2744e-01 
5.3467e-01 
2.3193e-01 
-1.6113e-01 
-4.9561e-01 
-6.4941e-01 
-5.5420e-01 
-2.4902e-01 
1.4404e-01 
4.7852e-01 
6.2500e-01 
5.3467e-01 
2.3193e-01 
-1.6357e-01 
-4.9561e-01 
-6.4941e-01 
-5.5420e-01 
-2.4658e-01 
1.4404e-01 
4.7852e-01 
6.2988e-01 
5.3467e-01 
2.3438e-01 
-1.5625e-01 
-4.9316e-01 
-6.4697e-01 
-5.5420e-01 
-2.4658e-01 
1.4404e-01 
4.7852e-01 
6.2744e-01 
5.3223e-01 
2.2949e-01 
-1.5869e-01 
-4.9805e-01 
-6.4453e-01 
-5.5664e-01 
-2.4658e-01 
1.4404e-01 
4.7607e-01 
6.2744e-01 
5.3711e-01 
2.3193e-01 
-1.5869e-01 
-4.9561e-01 
-6.4941e-01 
-5.5664e-01 
-2.4658e-01 
1.4404e-01 
4.7607e-01 
6.2500e-01 
5.3223e-01 
2.3193e-01 
-1.6113e-01 
-4.9805e-01 
-6.4941e-01 
-5.5664e-01 
-2.4902e-01 
1.4404e-01 
4.7852e-01 
6.2744e-01 
5.3467e-01 
2.3438e-01 
-1.5869e-01 
-4.9805e-01 
-6.4941e-01 
-5.5664e-01 
-2.4902e-01 
1.4160e-01 
4.7607e-01 
6.2744e-01 
5.3467e-01 
2.3193e-01 
-1.6113e-01 
-4.9805e-01 
-6.4697e-01 
-5.5420e-01 
-2.4658e-01 
1.4404e-01 
4.7852e-01 
6.2744e-01 
5.3467e-01 
2.3438e-01 
-1.5869e-01 
-4.9561e-01 
-6.4941e-01 
-5.5420e-01 
-2.4902e-01 
1.4404e-01 
4.7852e-01 
6.2500e-01 
5.3467e-01 
2.3438e-01 
-1.5625e-01 
-4.9561e-01 
-6.4697e-01 
-5.5420e-01 
-2.4658e-01 
1.4404e-01 
4.7852e-01 
6.2744e-01 
5.3711e-01 
2.3193e-01 
-1.5625e-01 
-4.9561e-01 
-6.4697e-01 
-5.5664e-01 
-2.4902e-01 
1.4404e-01 
4.7852e-01 
6.2500e-01 
5.3467e-01 
2.3193e-01 
-1.5869e-01 
-4.9561e-01 
-6.4697e-01 
-5.5664e-01 
-2.4658e-01 
1.4404e-01 
4.7852e-01 
6.2744e-01 
5.3467e-01 
2.3193e-01 
-1.6113e-01 
-4.9561e-01 
-6.4697e-01 
-5.5908e-01 
-2.4902e-01 
1.4404e-01 
4.7852e-01 
6.2744e-01 
5.3467e-01 
2.3438e-01 
-1.5869e-01 
-4.9561e-01 
-6.4697e-01 
-5.5420e-01 
-2.4658e-01 
1.4404e-01 
4.7607e-01 
6.2500e-01 
5.3467e-01 
2.3438e-01 
-1.5625e-01 
-4.9561e-01 
-6.4941e-01 
-5.5664e-01 
-2.4658e-01 
1.4404e-01 
4.7607e-01 
6.2744e-01 
5.3467e-01 
2.3193e-01 
-1.6113e-01 
-4.9805e-01 
-6.4697e-01 
-5.5420e-01 
-2.4902e-01 
1.4404e-01 
4.7852e-01 
6.2744e-01 
5.3711e-01 
2.3193e-01 
-1.5869e-01 
-4.9561e-01 
-6.4697e-01 
-5.5664e-01 
-2.4658e-01 
1.4648e-01 
4.7852e-01 
6.2744e-01 
5.3467e-01 
2.3193e-01 
-1.5869e-01 
-4.9561e-01 
-6.4697e-01 
-5.5664e-01 
-2.4902e-01 
1.4160e-01 
4.7607e-01 
6.2500e-01 
5.3467e-01 
2.3438e-01 
-1.5625e-01 
-4.9561e-01 
-6.4697e-01 
-5.5664e-01 
-2.4658e-01 
1.4404e-01 
4.8096e-01 
6.2744e-01 
5.3467e-01 
2.3193e-01 
-1.6113e-01 
-4.9561e-01 
-6.4697e-01 
-5.5420e-01 
-2.4902e-01 
1.4404e-01 
4.7852e-01 
6.2744e-01 
5.3223e-01 
2.3438e-01 
-1.5869e-01 
-4.9561e-01 
-6.4697e-01 
-5.5420e-01 
-2.4902e-01 
1.4404e-01 
4.7852e-01 
6.2500e-01 
5.3467e-01 
2.3193e-01 
-1.6113e-01 
-4.9561e-01 
-6.4941e-01 
-5.5420e-01 
-2.4902e-01 
1.4160e-01 
4.7852e-01 
6.2744e-01 
5.3467e-01 
2.3438e-01 
-1.5869e-01 
-4.9561e-01 
-6.4697e-01 
-5.5908e-01 
-2.4658e-01 
1.4160e-01 
4.7607e-01 
6.2744e-01 
5.3467e-01 
2.3438e-01 
-1.6113e-01 
-4.9805e-01 
-6.4697e-01 
-5.5420e-01 
-2.4658e-01 
1.4404e-01 
4.7852e-01 
6.2744e-01 
5.3711e-01 
2.3438e-01 
-1.5625e-01 
-4.9561e-01 
-6.4697e-01 
-5.5420e-01 
-2.4902e-01 
1.4404e-01 
4.7852e-01 
6.2988e-01 
5.3467e-01 
2.3438e-01 
-1.5869e-01 
-4.9561e-01 
-6.4697e-01 
-5.5420e-01 
-2.4658e-01 
1.4404e-01 
4.7852e-01 
6.2744e-01 
5.3467e-01 
2.3438e-01 
-1.5869e-01 
-4.9561e-01 
-6.5186e-01 
-5.5908e-01 
-2.4658e-01 
1.4404e-01 
4.7607e-01 
6.2500e-01 
5.3467e-01 
2.3193e-01 
-1.5869e-01 
-4.9561e-01 
-6.4697e-01 
-5.5664e-01 
-2.4658e-01 
1.4404e-01 
4.7852e-01 
6.2744e-01 
5.3467e-01 
2.3193e-01 
-1.5625e-01 
-4.9316e-01 
-6.4941e-01 
-5.5420e-01 
-2.4902e-01 
1.4404e-01 
4.7607e-01 
6.2744e-01 
5.3467e-01 
2.3438e-01 
-1.5869e-01 
-4.9561e-01 
-6.4453e-01 
-5.5664e-01 
-2.4902e-01 
1.4404e-01 
4.7607e-01 
6.2500e-01 
5.3711e-01 
2.3438e-01 
-1.5625e-01 
-4.9316e-01 
-6.4941e-01 
-5.5664e-01 
-2.4658e-01 
1.4404e-01 
4.7607e-01 
6.2744e-01 
5.3467e-01 
2.3193e-01 
-1.5869e-01 
-4.9316e-01 
-6.4941e-01 
-5.5420e-01 
-2.4902e-01 
1.4160e-01 
4.7852e-01 
6.2500e-01 
5.3467e-01 
2.3438e-01 
-1.5869e-01 
-4.9561e-01 
-6.4941e-01 
-5.5420e-01 
-2.4902e-01 
1.4404e-01 
4.7852e-01 
6.2744e-01 
5.3467e-01 
2.3438e-01 
-1.5869e-01 
-4.9316e-01 
-6.4697e-01 
-5.5664e-01 
-2.4902e-01 
1.4160e-01 
4.7852e-01 
6.2744e-01 
5.3467e-01 
2.3193e-01 
-1.5869e-01 
-4.9561e-01 
-6.4697e-01 
-5.5420e-01 
-2.4902e-01 
1.4404e-01 
4.7607e-01 
6.2744e-01 
5.3711e-01 
2.3193e-01 
-1.5625e-01 
-4.9805e-01 
-6.4697e-01 
-5.5420e-01 
-2.4902e-01 
1.4404e-01 
4.7607e-01 
6.2500e-01 
5.3467e-01 
2.3438e-01 
-1.5869e-01 
-4.9561e-01 
-6.4697e-01 
-5.5664e-01 
-2.4902e-01 
1.4404e-01 
4.7852e-01 
6.2500e-01 
5.3711e-01 
2.3438e-01 
-1.5869e-01 
-4.9805e-01 
-6.4697e-01 
-5.5420e-01 
-2.4902e-01 
1.4404e-01 
4.7852e-01 
6.2744e-01 
5.3467e-01 
2.3438e-01 
-1.5625e-01 
-4.9561e-01 
-6.4941e-01 
-5.5664e-01 
-2.4658e-01 
1.4404e-01 
4.7607e-01 
6.2500e-01 
5.3467e-01 
2.3438e-01 
-1.5869e-01 
-4.9561e-01 
-6.4697e-01 
-5.5664e-01 
-2.4902e-01 
1.4404e-01 
4.7852e-01 
6.2744e-01 
5.3467e-01 
2.3682e-01 
-1.5625e-01 
-4.9316e-01 
-6.4941e-01 
-5.5664e-01 
-2.4902e-01 
1.4404e-01 
4.7852e-01 
6.2744e-01 
5.3467e-01 
2.3438e-01 
-1.6113e-01 
-4.9561e-01 
-6.4697e-01 
-5.5420e-01 
-2.4902e-01 
1.4404e-01 
4.7607e-01 
6.2744e-01 
5.3467e-01 
2.3438e-01 
-1.5381e-01 
-4.9561e-01 
-6.4941e-01 
-5.5908e-01 
-2.4902e-01 
1.4404e-01 
4.7607e-01 
6.2744e-01 
5.3467e-01 
2.3438e-01 
-1.5869e-01 
-4.9316e-01 
-6.4697e-01 
-5.5664e-01 
-2.4902e-01 
1.4160e-01 
4.7607e-01 
6.2744e-01 
5.3711e-01 
2.3438e-01 
-1.5625e-01 
-4.9561e-01 
-6.4941e-01 
-5.5664e-01 
-2.4902e-01 
1.4404e-01 
4.7607e-01 
6.2988e-01 
5.3467e-01 
2.3682e-01 
-1.5869e-01 
-4.9561e-01 
-6.4697e-01 
-5.5420e-01 
-2.4658e-01 
1.4160e-01 
4.8096e-01 
6.2500e-01 
5.3467e-01 
2.3438e-01 
-1.5869e-01 
-4.9561e-01 
-6.4941e-01 
-5.5664e-01 
-2.4902e-01 
1.4404e-01 
4.7852e-01 
6.2500e-01 
