-1.1719e-01 
-1.0010e-01 
-3.1738e-02 
-1.2207e-02 
-1.4648e-02 
-1.1963e-01 
-9.7656e-02 
-2.9297e-02 
-4.8828e-03 
-9.7656e-03 
-1.1963e-01 
-9.7656e-02 
-3.1738e-02 
-7.3242e-03 
-9.7656e-03 
-1.1963e-01 
-9.5215e-02 
-2.6855e-02 
0.0000e+00 
-7.3242e-03 
-1.1719e-01 
-9.5215e-02 
-2.6855e-02 
-2.4414e-03 
-7.3242e-03 
-1.1719e-01 
-9.2773e-02 
-1.9531e-02 
2.4414e-03 
-2.4414e-03 
-1.1963e-01 
-9.2773e-02 
-2.1973e-02 
2.4414e-03 
-7.3242e-03 
-1.2207e-01 
-8.7891e-02 
-1.7090e-02 
7.3242e-03 
-2.4414e-03 
-1.1719e-01 
-9.0332e-02 
-1.7090e-02 
4.8828e-03 
-4.8828e-03 
-1.1719e-01 
-8.7891e-02 
-1.4648e-02 
9.7656e-03 
4.8828e-03 
-1.1719e-01 
-8.7891e-02 
-1.7090e-02 
9.7656e-03 
-2.4414e-03 
-1.1719e-01 
-8.3008e-02 
-7.3242e-03 
1.7090e-02 
4.8828e-03 
-1.1719e-01 
-8.3008e-02 
-9.7656e-03 
1.2207e-02 
0.0000e+00 
-1.1719e-01 
-8.0566e-02 
-4.8828e-03 
1.9531e-02 
7.3242e-03 
-1.1475e-01 
-8.0566e-02 
-7.3242e-03 
1.7090e-02 
4.8828e-03 
-1.1719e-01 
-7.5684e-02 
0.0000e+00 
2.4414e-02 
9.7656e-03 
-1.1475e-01 
-7.8125e-02 
-2.4414e-03 
1.9531e-02 
7.3242e-03 
-1.1719e-01 
-7.3242e-02 
2.4414e-03 
2.6855e-02 
1.2207e-02 
-1.1475e-01 
-7.5684e-02 
2.4414e-03 
2.4414e-02 
9.7656e-03 
-1.1475e-01 
-6.8359e-02 
7.3242e-03 
2.9297e-02 
1.4648e-02 
-1.1230e-01 
-7.0801e-02 
7.3242e-03 
2.9297e-02 
1.2207e-02 
-1.0986e-01 
-6.5918e-02 
9.7656e-03 
3.1738e-02 
1.7090e-02 
-1.1230e-01 
-6.5918e-02 
9.7656e-03 
3.1738e-02 
1.2207e-02 
-1.1230e-01 
-6.1035e-02 
1.4648e-02 
3.6621e-02 
1.7090e-02 
-1.0986e-01 
-6.3477e-02 
1.2207e-02 
3.6621e-02 
1.4648e-02 
-1.0986e-01 
-5.8594e-02 
1.7090e-02 
4.1504e-02 
1.9531e-02 
-1.0742e-01 
-6.1035e-02 
1.9531e-02 
3.9062e-02 
1.7090e-02 
-1.0986e-01 
-5.6152e-02 
2.4414e-02 
4.6387e-02 
2.4414e-02 
-1.0498e-01 
-5.3711e-02 
2.1973e-02 
4.3945e-02 
1.7090e-02 
-1.0742e-01 
-5.3711e-02 
2.6855e-02 
4.6387e-02 
2.6855e-02 
-1.0498e-01 
-5.1270e-02 
2.6855e-02 
4.6387e-02 
2.1973e-02 
-1.0498e-01 
-4.8828e-02 
3.1738e-02 
5.1270e-02 
2.4414e-02 
-1.0254e-01 
-4.8828e-02 
2.9297e-02 
5.1270e-02 
2.1973e-02 
-1.0254e-01 
-4.6387e-02 
3.1738e-02 
5.6152e-02 
2.9297e-02 
-1.0254e-01 
-4.3945e-02 
3.6621e-02 
5.3711e-02 
2.1973e-02 
-1.0010e-01 
-4.1504e-02 
3.9062e-02 
5.8594e-02 
3.1738e-02 
-9.7656e-02 
-4.1504e-02 
3.9062e-02 
5.6152e-02 
2.6855e-02 
-1.0010e-01 
-3.9062e-02 
4.3945e-02 
6.3477e-02 
3.1738e-02 
-9.7656e-02 
-3.4180e-02 
4.3945e-02 
6.3477e-02 
2.6855e-02 
-9.5215e-02 
-3.1738e-02 
4.6387e-02 
6.5918e-02 
3.1738e-02 
-9.5215e-02 
-3.1738e-02 
4.6387e-02 
6.5918e-02 
3.1738e-02 
-9.2773e-02 
-2.9297e-02 
4.8828e-02 
7.0801e-02 
3.4180e-02 
-9.2773e-02 
-2.9297e-02 
4.8828e-02 
6.8359e-02 
2.9297e-02 
-9.0332e-02 
-2.4414e-02 
5.3711e-02 
7.3242e-02 
3.6621e-02 
-9.0332e-02 
-2.4414e-02 
5.1270e-02 
7.0801e-02 
3.1738e-02 
-9.0332e-02 
-1.9531e-02 
5.6152e-02 
7.5684e-02 
3.6621e-02 
-8.5449e-02 
-2.1973e-02 
5.6152e-02 
7.3242e-02 
3.4180e-02 
-8.7891e-02 
-1.7090e-02 
6.3477e-02 
7.8125e-02 
4.1504e-02 
-8.5449e-02 
-1.7090e-02 
6.1035e-02 
7.5684e-02 
3.4180e-02 
-8.3008e-02 
-1.2207e-02 
6.5918e-02 
8.3008e-02 
4.1504e-02 
-8.3008e-02 
-1.2207e-02 
6.3477e-02 
8.0566e-02 
3.6621e-02 
-8.3008e-02 
-9.7656e-03 
6.5918e-02 
8.5449e-02 
4.1504e-02 
-7.8125e-02 
-9.7656e-03 
6.8359e-02 
8.3008e-02 
3.9062e-02 
-7.8125e-02 
-4.8828e-03 
7.0801e-02 
9.0332e-02 
4.6387e-02 
-7.5684e-02 
-2.4414e-03 
7.0801e-02 
8.5449e-02 
3.6621e-02 
-7.3242e-02 
0.0000e+00 
7.5684e-02 
9.2773e-02 
4.6387e-02 
-7.3242e-02 
0.0000e+00 
7.3242e-02 
8.7891e-02 
3.9062e-02 
-7.3242e-02 
4.8828e-03 
7.8125e-02 
9.2773e-02 
4.6387e-02 
-7.0801e-02 
2.4414e-03 
7.5684e-02 
9.2773e-02 
4.3945e-02 
-7.0801e-02 
7.3242e-03 
8.0566e-02 
9.7656e-02 
4.8828e-02 
-6.8359e-02 
7.3242e-03 
8.0566e-02 
9.5215e-02 
4.6387e-02 
-6.5918e-02 
1.2207e-02 
8.5449e-02 
9.7656e-02 
5.3711e-02 
-6.3477e-02 
1.2207e-02 
8.3008e-02 
9.7656e-02 
4.8828e-02 
-6.1035e-02 
1.7090e-02 
8.7891e-02 
1.0254e-01 
5.3711e-02 
-6.3477e-02 
1.9531e-02 
8.5449e-02 
1.0010e-01 
4.8828e-02 
-5.8594e-02 
1.7090e-02 
9.0332e-02 
1.0254e-01 
5.6152e-02 
-5.8594e-02 
2.1973e-02 
8.7891e-02 
1.0254e-01 
5.1270e-02 
-5.6152e-02 
2.4414e-02 
9.2773e-02 
1.0986e-01 
5.8594e-02 
-5.3711e-02 
2.4414e-02 
9.2773e-02 
1.0254e-01 
5.3711e-02 
-5.1270e-02 
2.6855e-02 
9.5215e-02 
1.0742e-01 
5.8594e-02 
-5.1270e-02 
2.6855e-02 
9.2773e-02 
1.0742e-01 
5.6152e-02 
-4.8828e-02 
3.4180e-02 
9.7656e-02 
1.0986e-01 
6.1035e-02 
-4.6387e-02 
3.1738e-02 
9.7656e-02 
1.0986e-01 
5.3711e-02 
-4.6387e-02 
3.6621e-02 
1.0010e-01 
1.1230e-01 
6.5918e-02 
-4.3945e-02 
3.4180e-02 
1.0010e-01 
1.0986e-01 
5.8594e-02 
-4.1504e-02 
4.1504e-02 
1.0498e-01 
1.1475e-01 
6.3477e-02 
-3.9062e-02 
3.9062e-02 
1.0254e-01 
1.1230e-01 
6.1035e-02 
-3.4180e-02 
4.1504e-02 
1.0498e-01 
1.1719e-01 
6.5918e-02 
-3.4180e-02 
4.3945e-02 
1.0254e-01 
1.1719e-01 
6.3477e-02 
-3.4180e-02 
4.6387e-02 
1.0742e-01 
1.1963e-01 
6.8359e-02 
-3.1738e-02 
4.8828e-02 
1.0742e-01 
1.1475e-01 
6.5918e-02 
-2.6855e-02 
5.1270e-02 
1.0742e-01 
1.1963e-01 
7.0801e-02 
-2.6855e-02 
5.1270e-02 
1.0986e-01 
1.1719e-01 
6.5918e-02 
-2.4414e-02 
5.3711e-02 
1.1230e-01 
1.1963e-01 
7.3242e-02 
-2.4414e-02 
5.3711e-02 
1.0986e-01 
1.1963e-01 
6.8359e-02 
-2.1973e-02 
5.8594e-02 
1.1475e-01 
1.2207e-01 
7.5684e-02 
-1.9531e-02 
5.6152e-02 
1.1475e-01 
1.1963e-01 
7.0801e-02 
-1.7090e-02 
6.3477e-02 
1.1719e-01 
1.2451e-01 
7.8125e-02 
-1.7090e-02 
6.3477e-02 
1.1719e-01 
1.1963e-01 
7.3242e-02 
-1.4648e-02 
6.5918e-02 
1.1963e-01 
1.2207e-01 
8.0566e-02 
-9.7656e-03 
6.3477e-02 
1.1719e-01 
1.2207e-01 
7.5684e-02 
-9.7656e-03 
6.5918e-02 
1.1963e-01 
1.2695e-01 
8.3008e-02 
-7.3242e-03 
6.5918e-02 
1.1719e-01 
1.2451e-01 
7.8125e-02 
-4.8828e-03 
7.3242e-02 
1.2207e-01 
1.2695e-01 
8.5449e-02 
-4.8828e-03 
7.3242e-02 
1.1963e-01 
1.2451e-01 
8.0566e-02 
-4.8828e-03 
7.8125e-02 
1.2207e-01 
1.2939e-01 
8.5449e-02 
0.0000e+00 
7.5684e-02 
1.2207e-01 
1.2207e-01 
8.3008e-02 
2.4414e-03 
7.8125e-02 
1.2207e-01 
1.2695e-01 
8.7891e-02 
4.8828e-03 
7.8125e-02 
1.2207e-01 
1.2695e-01 
8.3008e-02 
7.3242e-03 
8.0566e-02 
1.2695e-01 
1.2695e-01 
9.0332e-02 
7.3242e-03 
8.0566e-02 
1.2207e-01 
1.2451e-01 
8.7891e-02 
9.7656e-03 
8.5449e-02 
1.2695e-01 
1.2939e-01 
9.2773e-02 
1.4648e-02 
8.3008e-02 
1.2451e-01 
1.2451e-01 
8.7891e-02 
1.4648e-02 
8.7891e-02 
1.2939e-01 
1.2939e-01 
9.2773e-02 
1.7090e-02 
8.7891e-02 
1.2451e-01 
1.2451e-01 
9.2773e-02 
1.7090e-02 
9.0332e-02 
1.2939e-01 
1.2695e-01 
9.7656e-02 
1.9531e-02 
9.0332e-02 
1.2695e-01 
1.2451e-01 
9.2773e-02 
2.1973e-02 
9.2773e-02 
1.2939e-01 
1.2939e-01 
9.7656e-02 
2.4414e-02 
9.2773e-02 
1.2695e-01 
1.2695e-01 
9.2773e-02 
2.6855e-02 
9.7656e-02 
1.2939e-01 
1.2695e-01 
1.0254e-01 
2.9297e-02 
9.5215e-02 
1.2695e-01 
1.2695e-01 
9.5215e-02 
2.9297e-02 
1.0010e-01 
1.2939e-01 
1.2695e-01 
1.0254e-01 
3.1738e-02 
9.7656e-02 
1.2939e-01 
1.2695e-01 
9.7656e-02 
3.4180e-02 
1.0254e-01 
1.2939e-01 
1.2939e-01 
1.0498e-01 
3.9062e-02 
1.0254e-01 
1.2695e-01 
1.2695e-01 
1.0010e-01 
3.9062e-02 
1.0742e-01 
1.3184e-01 
1.2695e-01 
1.0498e-01 
4.1504e-02 
1.0254e-01 
1.2451e-01 
1.2451e-01 
1.0010e-01 
4.1504e-02 
1.0498e-01 
1.3184e-01 
1.2695e-01 
1.0498e-01 
4.1504e-02 
1.0498e-01 
1.2695e-01 
1.2451e-01 
1.0498e-01 
4.3945e-02 
1.0986e-01 
1.2939e-01 
1.2451e-01 
1.0742e-01 
4.6387e-02 
1.0742e-01 
1.2695e-01 
1.2451e-01 
1.0498e-01 
5.1270e-02 
1.1230e-01 
1.2695e-01 
1.2451e-01 
1.0986e-01 
4.8828e-02 
1.0986e-01 
1.2695e-01 
1.2207e-01 
1.0498e-01 
5.1270e-02 
1.1230e-01 
1.2695e-01 
1.2451e-01 
1.0742e-01 
5.3711e-02 
1.1475e-01 
1.2939e-01 
1.2207e-01 
1.0498e-01 
5.6152e-02 
1.1475e-01 
1.2695e-01 
1.2207e-01 
1.0742e-01 
5.6152e-02 
1.1230e-01 
1.2695e-01 
1.2207e-01 
1.0498e-01 
6.1035e-02 
1.1963e-01 
1.2939e-01 
1.1963e-01 
1.0986e-01 
6.3477e-02 
1.1475e-01 
1.2695e-01 
1.1963e-01 
1.0498e-01 
6.3477e-02 
1.1963e-01 
1.2695e-01 
1.1963e-01 
1.1230e-01 
6.5918e-02 
1.1719e-01 
1.2451e-01 
1.1963e-01 
1.0742e-01 
6.5918e-02 
1.2207e-01 
1.2695e-01 
1.1963e-01 
1.0986e-01 
6.8359e-02 
1.1963e-01 
1.2695e-01 
1.1475e-01 
1.0742e-01 
7.0801e-02 
1.2207e-01 
1.2695e-01 
1.1475e-01 
1.0986e-01 
7.0801e-02 
1.1963e-01 
1.2451e-01 
1.1475e-01 
1.0742e-01 
7.3242e-02 
1.2451e-01 
1.2451e-01 
1.1719e-01 
1.0986e-01 
7.5684e-02 
1.2207e-01 
1.2207e-01 
1.1230e-01 
1.0498e-01 
7.5684e-02 
1.2451e-01 
1.2451e-01 
1.1230e-01 
1.0742e-01 
7.8125e-02 
1.2207e-01 
1.2207e-01 
1.1230e-01 
1.0498e-01 
8.3008e-02 
1.2451e-01 
1.2207e-01 
1.0986e-01 
1.0742e-01 
8.0566e-02 
1.2451e-01 
1.2207e-01 
1.0986e-01 
1.0498e-01 
8.5449e-02 
1.2695e-01 
1.2207e-01 
1.0986e-01 
1.0498e-01 
8.3008e-02 
1.2939e-01 
1.1963e-01 
1.0742e-01 
1.0498e-01 
8.5449e-02 
1.2695e-01 
1.1719e-01 
1.0742e-01 
1.0254e-01 
8.7891e-02 
1.2451e-01 
1.1719e-01 
1.0498e-01 
1.0254e-01 
8.7891e-02 
1.2939e-01 
1.1719e-01 
1.0498e-01 
1.0254e-01 
8.7891e-02 
1.2939e-01 
1.1475e-01 
1.0498e-01 
1.0010e-01 
9.0332e-02 
1.3184e-01 
1.1475e-01 
1.0498e-01 
1.0010e-01 
9.2773e-02 
1.2939e-01 
1.1475e-01 
1.0010e-01 
9.7656e-02 
9.2773e-02 
1.2695e-01 
1.1230e-01 
9.7656e-02 
9.7656e-02 
9.2773e-02 
1.2939e-01 
1.1230e-01 
9.7656e-02 
9.5215e-02 
9.7656e-02 
1.2939e-01 
1.1230e-01 
9.5215e-02 
9.2773e-02 
9.5215e-02 
1.2695e-01 
1.0986e-01 
9.5215e-02 
9.5215e-02 
9.7656e-02 
1.2939e-01 
1.0986e-01 
9.2773e-02 
9.2773e-02 
9.7656e-02 
1.2695e-01 
1.0742e-01 
9.2773e-02 
9.0332e-02 
1.0010e-01 
1.2939e-01 
1.0742e-01 
9.2773e-02 
9.2773e-02 
1.0010e-01 
1.2939e-01 
1.0498e-01 
9.0332e-02 
8.7891e-02 
1.0254e-01 
1.3184e-01 
1.0254e-01 
8.7891e-02 
9.0332e-02 
1.0254e-01 
1.2939e-01 
1.0254e-01 
8.5449e-02 
8.5449e-02 
1.0498e-01 
1.3184e-01 
1.0254e-01 
8.5449e-02 
8.5449e-02 
1.0254e-01 
1.2695e-01 
1.0254e-01 
8.5449e-02 
8.3008e-02 
1.0498e-01 
1.2939e-01 
1.0010e-01 
8.0566e-02 
8.3008e-02 
1.0498e-01 
1.2695e-01 
9.7656e-02 
8.0566e-02 
8.0566e-02 
1.0742e-01 
1.3184e-01 
9.7656e-02 
7.8125e-02 
7.8125e-02 
1.0742e-01 
1.2695e-01 
9.7656e-02 
7.8125e-02 
7.5684e-02 
1.0986e-01 
1.3184e-01 
9.2773e-02 
7.8125e-02 
7.5684e-02 
1.0742e-01 
1.2695e-01 
9.2773e-02 
7.5684e-02 
7.3242e-02 
1.0986e-01 
1.2939e-01 
9.2773e-02 
7.3242e-02 
7.3242e-02 
1.0986e-01 
1.2695e-01 
8.7891e-02 
7.0801e-02 
7.0801e-02 
1.1230e-01 
1.2695e-01 
8.7891e-02 
6.8359e-02 
6.8359e-02 
1.1230e-01 
1.2695e-01 
8.5449e-02 
6.8359e-02 
6.8359e-02 
1.1475e-01 
1.2695e-01 
8.5449e-02 
6.5918e-02 
6.5918e-02 
1.1230e-01 
1.2695e-01 
8.0566e-02 
6.3477e-02 
6.5918e-02 
1.1475e-01 
1.2695e-01 
8.0566e-02 
6.3477e-02 
6.3477e-02 
1.1230e-01 
1.2451e-01 
8.0566e-02 
5.8594e-02 
6.1035e-02 
1.1719e-01 
1.2695e-01 
7.8125e-02 
5.6152e-02 
5.8594e-02 
1.1230e-01 
1.2207e-01 
7.8125e-02 
5.6152e-02 
5.6152e-02 
1.1719e-01 
1.2451e-01 
7.5684e-02 
5.3711e-02 
5.3711e-02 
1.1475e-01 
1.2207e-01 
7.3242e-02 
5.3711e-02 
5.6152e-02 
1.1719e-01 
1.2207e-01 
7.3242e-02 
5.1270e-02 
5.1270e-02 
1.1719e-01 
1.1963e-01 
7.0801e-02 
4.8828e-02 
5.1270e-02 
1.2207e-01 
1.2207e-01 
7.0801e-02 
4.8828e-02 
4.8828e-02 
1.1963e-01 
1.1963e-01 
6.5918e-02 
4.6387e-02 
4.6387e-02 
1.1963e-01 
1.1963e-01 
6.8359e-02 
4.6387e-02 
4.3945e-02 
1.1719e-01 
1.1719e-01 
6.5918e-02 
4.3945e-02 
4.1504e-02 
1.1963e-01 
1.1963e-01 
6.3477e-02 
4.1504e-02 
4.1504e-02 
1.1719e-01 
1.1475e-01 
6.1035e-02 
3.9062e-02 
4.1504e-02 
1.2207e-01 
1.1475e-01 
5.6152e-02 
3.6621e-02 
3.6621e-02 
1.1963e-01 
1.1475e-01 
5.6152e-02 
3.4180e-02 
3.6621e-02 
1.2207e-01 
1.1230e-01 
5.6152e-02 
3.4180e-02 
3.1738e-02 
1.1719e-01 
1.0986e-01 
5.1270e-02 
3.1738e-02 
3.4180e-02 
1.2451e-01 
1.1230e-01 
5.3711e-02 
2.9297e-02 
2.9297e-02 
1.1963e-01 
1.0986e-01 
4.6387e-02 
2.6855e-02 
2.9297e-02 
1.2207e-01 
1.0986e-01 
4.6387e-02 
2.4414e-02 
2.6855e-02 
1.1719e-01 
1.0986e-01 
4.3945e-02 
2.1973e-02 
2.6855e-02 
1.2451e-01 
1.0742e-01 
4.3945e-02 
1.9531e-02 
2.1973e-02 
1.1719e-01 
1.0498e-01 
4.1504e-02 
1.9531e-02 
2.1973e-02 
1.2451e-01 
1.0498e-01 
4.1504e-02 
1.7090e-02 
1.7090e-02 
1.1719e-01 
1.0254e-01 
3.6621e-02 
1.7090e-02 
1.9531e-02 
1.2451e-01 
1.0498e-01 
3.9062e-02 
9.7656e-03 
1.4648e-02 
1.1963e-01 
1.0010e-01 
3.4180e-02 
1.2207e-02 
1.7090e-02 
1.2451e-01 
1.0010e-01 
3.1738e-02 
7.3242e-03 
1.2207e-02 
1.1719e-01 
9.5215e-02 
2.9297e-02 
7.3242e-03 
1.2207e-02 
1.2451e-01 
9.7656e-02 
2.6855e-02 
4.8828e-03 
9.7656e-03 
1.1963e-01 
9.2773e-02 
2.6855e-02 
4.8828e-03 
